Pulse,Space,Pulse,Space,Pulse,Space,Pulse,Space,Pulse,Space,Pulse,Space,Pulse,Space,Pulse,Space,Pulse,Space,Pulse,Space,Pulse,Space,Pulse,Space,Pulse,Space,Pulse,Space,Pulse,Space,Pulse,Space,Pulse,Space,Pulse,Space,Pulse,Space,Pulse,Space,Pulse,Space,Pulse,Space,Pulse,Space,Pulse,Space,Pulse
874,768,426,341,853,768,853,341,1685,362,426,341,3754,320,3733,341,1685,362,810,362,426,341,426,1173,426,341,1280,362,1237,768,1685,362,832,341,874,725,853,341,426,789,426,341,426,746,448,131072,,,
832,768,469,320,853,768,853,341,1685,362,426,341,3712,362,3733,341,1664,384,832,362,448,341,426,1152,426,362,1237,362,1258,768,1664,362,1280,341,426,789,426,746,874,341,426,1173,853,43690,,,,,
853,768,426,362,853,768,874,341,1706,341,448,362,3776,341,3733,320,1685,341,853,341,469,341,426,1173,426,341,1258,341,1280,746,1685,341,1280,341,2090,320,1685,341,1664,109226,,,,,,,,,
853,746,448,341,853,725,874,341,1685,320,448,341,3733,320,2730,1024,341,1685,320,896,298,448,362,426,1173,426,341,1280,341,1301,725,1664,362,853,341,874,1130,426,341,405,384,426,768,448,320,853,87381,,
853,768,426,341,874,746,853,341,1685,341,448,320,3754,320,3754,341,1664,341,853,362,426,341,426,1152,448,320,1280,341,1280,768,1664,341,874,320,1685,1173,426,2005,1280,131072,,,,,,,,,
874,746,426,362,853,768,853,341,1664,362,426,341,3754,341,3733,362,1706,320,853,341,426,341,426,1173,426,362,1280,341,1258,746,1685,341,853,768,853,341,853,320,490,1173,426,320,853,109226,,,,,
874,725,426,341,853,768,853,341,1685,341,426,341,2730,1024,320,3754,341,1685,362,810,341,469,320,448,1130,426,341,1258,341,1258,725,1642,341,853,341,426,341,1280,746,426,789,426,746,853,65536,,,,
874,768,426,320,853,768,853,341,1664,341,426,341,3754,341,3733,362,1664,341,832,362,426,341,426,1152,448,320,1258,341,1301,746,1685,341,1280,341,853,1600,426,362,1664,109226,,,,,,,,,
853,746,426,341,853,768,853,341,1685,341,469,320,3733,341,3733,341,1685,341,832,362,426,341,426,1173,426,341,1280,341,1258,746,1685,362,853,2026,853,341,1706,341,874,43690,,,,,,,,,
853,768,426,362,853,768,874,298,1706,298,448,341,3754,320,3797,341,1685,320,853,341,426,362,426,1173,426,362,1258,341,1258,746,1685,341,853,768,426,768,426,789,832,789,1664,131072,,,,,,,
874,746,448,320,853,746,874,320,1685,320,469,320,3776,298,3776,341,1685,341,853,341,426,362,426,1173,426,362,1301,320,1280,746,1685,320,896,320,448,768,1258,362,853,341,426,341,1301,,,,,,
853,768,426,341,853,746,853,341,1664,341,426,362,2730,1024,362,3754,341,1664,362,853,362,426,362,426,1173,426,341,1280,341,1258,746,1664,341,1258,1173,853,768,448,725,426,768,426,109226,,,,,,
853,746,469,320,874,725,874,298,1706,320,426,320,3754,341,3776,298,1685,341,853,341,426,362,405,1173,426,341,1280,341,1258,746,1685,341,853,1600,1258,362,405,768,426,341,426,65536,,,,,,,
874,746,448,341,853,746,853,362,1664,341,426,362,3733,341,3754,362,1664,341,853,341,448,341,448,1152,426,362,1258,341,1280,746,1664,341,853,1173,448,746,426,320,448,768,853,362,1258,43690,,,,,
896,725,426,362,853,746,874,341,1706,320,426,320,3733,362,3733,341,1685,341,853,362,448,320,448,1152,469,320,1280,341,1280,746,1664,362,853,2005,426,768,1280,341,1280,341,426,87381,,,,,,,
853,768,448,320,853,768,832,362,1685,341,426,341,2730,1045,341,3754,362,1685,320,853,341,426,362,426,1173,426,341,1258,341,1280,746,1685,320,1301,341,2090,362,1664,341,1664,,,,,,,,,
896,725,426,341,853,768,853,341,1685,362,448,320,3733,320,2730,1024,341,1685,341,832,341,426,362,426,1173,448,320,1280,341,1258,746,1664,362,853,341,426,341,853,341,448,320,426,362,1258,341,426,341,426,43690
896,725,448,341,853,768,853,320,1664,341,448,320,3733,341,3733,341,1664,362,853,341,426,362,426,1194,426,362,1280,341,1258,768,1664,362,853,1194,426,362,405,768,426,341,853,768,426,43690,,,,,
874,725,426,341,874,725,853,341,1685,341,426,341,3754,362,3733,341,1685,341,853,341,426,362,426,1173,426,362,1280,341,1280,746,1685,341,874,3200,874,320,2496,109226,,,,,,,,,,,
874,768,426,341,853,768,853,341,1685,320,448,320,2730,1024,341,3776,320,1664,362,853,341,426,341,426,1173,448,320,1301,320,1280,768,1685,320,1280,341,1280,341,426,341,853,1173,853,362,426,65536,,,,
853,768,405,362,853,768,853,341,1664,341,426,362,2730,1002,341,3776,320,1664,362,832,362,426,362,448,1152,426,362,1280,341,1280,746,1706,320,853,362,832,789,426,746,426,1173,853,109226,,,,,,
896,725,426,362,874,725,853,341,1685,341,426,341,2730,1024,341,3733,341,1685,341,853,341,426,341,426,1194,426,341,1280,341,1280,746,1685,341,1258,746,1664,362,853,362,448,320,853,109226,,,,,,
853,768,448,320,853,768,853,341,1685,341,426,362,2730,981,341,3733,341,1685,341,832,362,426,362,426,1173,426,341,1258,341,1237,768,1664,362,874,320,874,320,426,362,426,362,853,1194,1664,65536,,,,
853,768,426,362,853,746,853,341,1685,341,448,341,3733,320,3733,341,1685,341,832,341,426,341,426,1173,426,341,1258,341,1237,746,1685,320,853,1173,1280,746,853,362,426,131072,,,,,,,,,
853,768,426,341,853,768,853,341,1685,341,426,320,3754,362,3733,341,1685,362,832,341,426,341,426,1152,448,362,1258,341,1280,746,1685,341,874,320,426,341,853,1173,426,341,426,1173,426,87381,,,,,
874,746,469,320,853,746,853,341,1664,362,448,320,3776,320,3754,341,1685,320,874,320,426,362,426,1173,426,362,1258,362,1258,746,1664,362,1280,768,832,362,426,362,1280,746,1280,65536,,,,,,,
853,768,426,341,853,768,853,341,1664,362,426,362,3733,341,3754,320,1664,341,853,320,448,362,426,1173,426,362,1280,320,1280,746,1685,341,1280,1173,853,746,426,768,426,768,426,87381,,,,,,,
853,725,426,362,853,768,853,320,1685,341,426,341,3733,341,2730,1024,362,1664,341,853,341,426,362,853,746,426,362,1301,320,1258,746,1685,341,853,341,853,768,853,341,2922,43690,,,,,,,,
853,768,426,341,853,746,853,320,1664,320,448,341,3669,341,3733,341,1685,320,853,341,426,362,853,725,426,341,1280,341,1280,746,1685,320,1685,1578,426,341,1685,21845,,,,,,,,,,,
896,725,448,320,853,768,853,341,1706,320,426,362,3733,341,3733,341,1664,362,853,362,426,341,874,725,448,320,1301,320,1258,768,1664,362,1280,341,426,768,448,746,426,341,1258,341,810,,,,,,
832,746,426,362,832,768,853,362,1664,320,448,341,3733,320,3754,341,1685,341,853,341,426,362,832,746,426,341,1280,341,1280,746,1685,341,853,1173,1664,341,426,362,448,1152,426,87381,,,,,,,
832,768,448,320,853,768,853,362,1664,341,426,341,3754,341,3754,362,1664,341,874,320,426,362,853,768,426,362,1280,341,1280,746,1685,341,1664,362,426,768,426,362,426,362,405,362,853,768,448,65536,,,
896,725,426,320,874,768,853,341,1685,341,426,320,3733,341,3733,341,1664,362,853,362,426,362,874,725,426,362,1280,362,1258,746,1664,362,1280,768,832,1173,426,768,426,362,426,362,426,109226,,,,,
832,768,426,362,874,725,874,320,1664,341,426,362,3733,341,3733,362,1664,341,853,341,426,362,853,746,426,362,1301,320,1280,746,1706,320,853,341,853,341,1258,341,448,746,1280,,,,,,,,
874,746,426,362,832,789,832,362,1664,341,448,320,3754,341,3776,320,1664,341,853,362,426,341,832,768,426,362,1258,341,1301,725,1664,341,1258,768,426,746,426,341,1280,341,2090,65536,,,,,,,
853,768,426,341,853,746,874,298,1706,320,448,341,3733,341,2730,1024,362,1685,362,853,362,426,362,832,789,426,362,1258,341,1280,746,1664,362,853,362,448,725,448,1152,426,768,448,320,448,131072,,,,
213,21845,,,,,,,,,,,,,,,,,,,,,,,,,,,,,,,,,,,,,,,,,,,,,,,
874,725,448,320,874,746,853,341,1664,362,426,362,3733,341,3733,341,1664,341,853,341,448,362,832,768,426,362,1280,341,1280,746,1685,320,853,1984,853,320,426,746,1258,746,448,43690,,,,,,,
874,725,448,362,853,746,874,298,1706,320,448,320,3776,320,3754,341,1706,298,874,320,448,362,853,746,448,341,1301,320,1280,746,1685,320,1280,768,426,341,426,768,853,1173,810,,,,,,,,
853,768,426,341,853,746,874,320,1706,320,426,320,3754,341,3733,341,1706,320,853,341,426,362,853,768,426,362,1280,341,1280,746,1706,341,2133,320,1301,320,426,2005,426,341,426,87381,,,,,,,
874,725,426,362,853,768,853,341,1706,320,426,320,3754,341,3754,341,1685,362,853,320,426,362,874,725,426,341,1280,341,1280,746,1664,362,1685,341,1280,746,1280,746,1258,109226,,,,,,,,,
853,725,426,341,874,725,853,341,1685,341,426,341,3754,320,3754,341,1685,341,853,341,426,362,853,746,426,341,1280,341,1301,725,1685,341,853,341,448,320,1685,341,1280,1557,490,87381,,,,,,,
853,768,426,341,853,746,853,341,1685,320,448,320,3754,362,2730,1024,341,1685,320,853,341,448,320,853,746,448,341,1258,341,1258,768,1664,341,1258,746,1258,768,426,341,469,725,426,21845,,,,,,
832,768,448,320,853,768,853,341,1706,341,469,320,3733,341,2730,1024,341,1685,341,853,341,426,384,832,746,426,362,1280,341,1280,746,1706,320,1280,1173,426,1173,832,768,448,746,853,21845,,,,,,
917,704,469,320,853,768,874,320,1664,362,426,362,3754,341,3754,341,1664,341,853,320,469,320,853,746,426,362,1258,341,1301,725,1664,362,1685,746,1280,341,426,341,426,1173,853,,,,,,,,
853,746,426,362,853,768,853,362,1685,320,426,362,3733,362,3754,341,1664,362,853,341,426,384,832,768,426,362,1280,341,1280,746,1685,341,1685,320,426,768,426,341,469,341,426,362,853,746,469,65536,,,
874,768,426,341,853,768,853,320,1664,362,426,341,3733,341,3754,341,1664,362,853,341,448,362,832,789,405,362,1258,341,1280,768,1664,341,853,341,1685,1173,1280,341,426,768,426,87381,,,,,,,
874,725,426,362,853,768,853,341,1685,341,426,362,3776,362,3754,362,1706,362,832,362,426,362,853,746,426,341,1280,341,1280,746,1685,362,2069,768,853,341,1280,2005,426,21845,,,,,,,,,
896,725,426,362,853,746,896,320,1685,362,426,341,3733,341,3754,341,1685,320,853,362,426,341,853,768,426,341,1280,341,1237,768,1685,341,3349,746,853,1173,853,341,426,65536,,,,,,,,,
853,768,426,341,874,768,853,320,1664,362,426,341,3754,341,2730,1024,341,1664,362,853,362,426,320,874,746,448,341,1301,320,1301,746,1664,341,874,320,2517,341,853,2410,448,65536,,,,,,,,
874,725,448,320,853,768,853,362,1664,341,426,341,3754,341,3733,341,1664,341,874,320,448,320,832,746,426,341,1258,341,1258,746,1685,341,853,341,853,341,469,341,426,341,426,341,426,341,874,320,426,87381,
874,746,448,320,853,768,874,320,1664,362,426,362,2730,1024,341,3754,341,1685,320,874,320,426,384,832,768,426,341,1280,341,1280,768,1664,320,1301,746,448,320,426,768,853,1173,853,109226,,,,,,
853,725,448,362,832,768,853,341,1685,320,448,320,3754,320,3776,320,1664,362,853,341,426,341,874,746,426,341,1237,341,1301,725,1664,362,853,362,426,746,1258,341,426,341,1706,320,853,109226,,,,,
853,746,448,320,853,768,853,341,1664,341,448,362,3733,341,3733,341,1706,320,853,362,426,341,810,768,426,362,1301,298,1280,746,1685,341,853,341,490,298,426,746,448,341,426,362,832,768,426,43690,,,
853,746,426,341,853,746,853,341,1685,320,426,362,3754,341,2730,1045,320,1664,362,853,362,426,341,426,341,448,341,448,341,1280,341,1301,725,1706,320,853,362,832,768,853,362,1280,341,853,341,853,87381,,
832,746,426,341,853,768,853,341,1685,320,448,320,3776,341,3733,341,1664,341,853,341,426,362,426,341,426,341,426,341,1258,341,1258,746,1685,341,1237,746,1280,746,426,341,853,362,1685,109226,,,,,
874,725,426,341,853,746,853,341,1685,341,448,320,2730,1002,341,3754,341,1664,341,853,362,426,341,426,341,426,341,426,362,1237,362,1280,725,1685,320,874,1152,1664,341,426,341,853,1173,853,65536,,,,
874,746,448,341,853,768,853,320,1685,341,469,320,3776,298,3776,320,1706,320,874,320,448,341,405,362,426,362,426,362,1280,341,1258,746,1685,341,1280,341,426,362,426,341,426,341,1280,1152,853,131072,,,
853,768,426,362,832,789,853,341,1685,341,426,362,3733,341,3733,362,1664,362,853,341,426,384,405,341,426,341,426,341,1258,341,1237,768,1685,320,853,341,1664,1173,2090,341,469,320,426,,,,,,
874,746,448,362,832,768,874,298,1685,362,426,362,3733,341,2730,1002,320,1685,362,853,341,469,320,426,362,426,320,448,320,1258,341,1258,725,1685,320,1258,1130,1280,341,1685,746,1237,21845,,,,,,
874,725,426,341,853,768,853,362,1664,341,426,362,3733,341,2730,1002,362,1664,341,853,341,426,341,426,341,426,341,426,341,1280,341,1258,746,1685,341,853,341,1280,768,426,362,426,21845,,,,,,
832,768,448,320,874,725,853,362,1664,341,426,320,2730,1045,341,3754,362,1664,341,874,320,426,362,405,362,426,341,426,341,1280,341,1301,768,1706,341,1280,362,832,1621,832,1173,426,362,426,65536,,,,
896,704,426,362,853,768,853,341,1685,341,426,320,3754,362,3712,341,1685,341,832,341,426,362,426,341,426,341,426,341,1280,341,1258,746,1685,341,1237,1173,426,362,426,362,853,1578,426,341,426,109226,,,
853,768,448,320,874,746,874,298,1706,341,448,341,3733,341,3733,341,1664,362,853,362,426,341,469,341,426,341,448,341,1280,341,1258,746,1664,341,1258,341,426,341,426,1173,2090,341,1237,,,,,,
853,768,426,341,874,746,853,341,1685,320,448,341,3754,341,2730,1002,362,1664,341,874,320,426,341,426,341,426,341,426,341,1280,341,1280,746,1685,341,1258,384,832,341,853,341,1280,341,853,768,426,87381,,
853,746,448,320,853,768,853,320,1685,362,426,362,3754,341,2730,1024,341,1685,320,853,341,426,362,448,362,405,362,448,362,1280,320,1258,768,1664,341,853,789,832,341,426,768,1280,341,426,362,426,341,426,43690
853,746,448,320,874,725,853,362,1664,362,426,320,3754,320,3776,341,1664,341,853,341,426,362,448,320,426,362,426,362,1301,320,1280,746,1685,320,1301,362,426,341,1280,362,832,320,490,725,448,,,,
853,768,426,362,853,746,853,341,1685,341,405,384,3733,341,3712,341,1685,341,853,320,426,362,448,298,426,362,426,341,1280,341,1280,746,1685,341,2069,362,426,362,426,362,426,362,426,87381,,,,,
853,768,448,320,853,768,853,341,1685,320,448,341,3776,341,3733,341,1706,341,874,341,448,320,426,362,426,362,426,341,1301,341,1301,725,1685,341,853,341,853,341,426,1173,426,341,426,768,853,131072,,,
853,768,426,362,832,789,832,362,1664,362,426,362,2730,1002,341,3754,341,1664,362,853,341,469,341,426,362,426,362,448,298,1280,341,1280,746,1664,362,1280,362,426,341,448,320,426,341,1258,1173,853,21845,,
874,746,426,362,874,725,853,362,1664,341,469,320,3733,341,3754,341,1685,320,874,341,426,341,426,320,426,362,426,341,1258,341,1301,746,1664,341,1258,341,853,341,426,768,1664,341,426,43690,,,,,
874,725,426,341,853,768,874,341,1664,341,426,320,3776,341,3754,341,1685,341,874,320,426,341,426,341,426,362,448,320,1280,341,1280,768,1706,341,1280,1173,1280,362,1664,746,1280,,,,,,,,
874,725,426,341,874,704,896,320,1685,341,426,362,2730,1002,341,3733,362,1685,341,832,341,426,341,448,320,426,341,426,341,1280,341,1258,746,1685,341,853,362,426,362,1280,746,1301,320,426,362,426,21845,,
874,746,426,341,853,725,874,341,1685,362,426,341,3712,341,3754,341,1685,341,853,341,426,362,426,341,426,341,426,362,1280,341,1280,746,1685,341,1301,320,853,1600,853,1173,448,341,426,,,,,,
874,768,426,341,874,768,853,320,1664,341,469,320,3754,341,3733,362,1664,341,874,320,448,362,426,341,426,362,448,320,1280,341,1280,746,1706,320,1258,341,426,768,853,341,426,362,832,109226,,,,,
853,746,469,320,874,725,853,341,1685,341,426,341,3754,341,3754,341,1685,320,874,320,426,362,448,320,426,341,426,341,1280,341,1237,768,1685,362,2112,1194,426,362,853,1578,469,87381,,,,,,,
896,725,426,341,853,746,874,320,1685,320,448,320,3776,341,3754,341,1685,341,853,341,426,341,426,341,426,362,426,341,1280,341,1258,746,1685,341,853,341,426,341,853,1173,874,320,853,341,853,,,,
874,704,448,341,853,768,853,341,1685,341,426,341,3733,362,3712,362,1685,341,853,341,426,362,426,341,426,341,426,362,1258,341,1258,746,1685,341,1280,746,853,341,426,341,426,768,1664,43690,,,,,
853,725,469,320,874,746,874,298,1685,341,426,362,3754,362,3776,320,1664,362,853,341,448,362,426,362,448,320,426,341,1280,362,1258,746,1706,320,1685,341,1280,746,1685,341,448,746,426,,,,,,
874,768,426,320,853,768,832,341,1664,341,426,362,3733,341,3754,341,1664,341,874,320,426,341,3733,341,1258,746,1664,362,853,341,1301,1557,1280,768,1664,109226,,,,,,,,,,,,,
874,768,426,341,874,725,853,341,1685,341,426,341,3776,320,2730,1002,341,1685,341,853,341,426,341,426,1173,426,362,1280,341,1301,725,1685,341,853,341,853,768,853,341,448,746,426,341,448,725,426,87381,,
874,768,426,362,853,768,853,341,1685,341,426,362,2730,1002,341,3733,362,1664,341,874,320,426,384,405,1173,426,362,1301,320,1301,725,1685,341,2517,341,448,768,832,768,1258,,,,,,,,,
853,768,448,320,874,725,874,320,1685,320,448,320,3733,362,3733,341,1728,298,874,341,469,341,426,1173,426,362,1258,362,1280,746,1664,362,853,341,448,2389,426,789,1237,768,426,43690,,,,,,,
853,768,426,341,853,768,853,320,1685,362,426,341,3776,320,3733,341,1664,362,853,362,405,362,448,1152,448,320,1258,341,1280,768,1685,341,1301,1984,426,362,853,341,874,725,853,131072,,,,,,,
874,768,448,320,853,746,853,341,1685,341,426,341,3776,320,3754,341,1685,341,853,362,448,320,426,1173,426,341,1280,341,1280,746,1664,341,874,725,426,362,426,1173,426,768,1280,,,,,,,,
874,725,426,362,853,768,853,341,1664,362,426,362,3754,320,3733,341,1664,362,853,341,426,341,448,1152,448,320,1280,341,1301,725,1685,320,1301,1173,1280,341,426,1173,448,362,405,341,426,109226,,,,,
874,768,426,341,874,725,853,341,1685,341,426,341,2730,1002,341,3754,320,1685,341,832,341,426,341,426,1173,426,341,1280,341,1258,746,1728,298,853,341,1280,746,426,362,2090,789,426,109226,,,,,,
874,704,469,341,853,725,896,320,1685,341,426,362,2730,1002,341,3754,320,1664,362,874,320,469,298,448,1173,426,362,1258,362,1258,746,1664,341,853,341,853,768,426,768,426,1173,853,109226,,,,,,
853,746,448,320,853,768,853,362,1664,362,426,362,3754,341,2730,960,341,1664,320,874,320,448,341,426,1152,426,362,1280,341,1280,768,1664,341,2517,341,853,362,853,341,426,362,874,320,448,131072,,,,
832,768,426,341,853,768,853,341,1685,341,426,341,3733,341,3733,341,1685,341,874,320,426,362,405,1173,426,362,1280,341,1280,746,1685,341,853,341,448,1578,405,384,405,1600,426,65536,,,,,,,
874,725,426,384,810,768,853,341,1642,320,448,341,3712,341,3733,341,1664,341,853,341,448,341,426,1194,426,341,1258,341,1258,768,1664,341,853,768,426,768,426,768,853,768,1664,87381,,,,,,,
874,768,426,341,853,768,874,320,1664,362,448,320,3754,341,2730,1002,341,1664,362,874,320,448,341,426,1173,426,362,1258,362,1237,768,1664,362,853,1173,426,341,853,341,426,362,426,341,426,362,448,320,426,43690
874,725,426,341,853,768,853,341,1685,341,426,341,3733,341,3754,341,1664,362,853,341,426,362,426,1173,426,362,1280,341,1280,746,1685,341,1301,320,426,1173,426,362,2090,131072,,,,,,,,,
853,768,426,341,853,746,853,341,1685,341,426,362,3733,341,3733,341,1685,341,853,320,426,341,426,1173,426,362,1237,362,1258,746,1664,384,832,768,426,2005,2944,43690,,,,,,,,,,,
832,768,426,362,853,768,853,362,1685,341,426,362,3733,341,3754,362,1706,298,853,341,448,362,405,1152,426,341,1258,341,1280,725,1685,341,853,789,1237,341,426,341,832,341,853,87381,,,,,,,
874,704,426,362,853,768,853,341,1664,341,426,362,3754,341,3733,362,1685,320,853,341,448,341,426,1173,426,362,1280,341,1258,768,1664,341,1301,320,448,725,426,768,874,320,448,1152,853,109226,,,,,
896,725,448,341,853,746,853,341,1664,362,426,362,3733,341,3754,341,1664,341,853,341,426,341,426,1194,426,320,1280,341,1301,725,1664,362,1685,746,1301,320,853,746,426,768,853,,,,,,,,
896,746,426,341,853,768,853,341,1664,362,426,341,3754,341,3733,341,1706,320,853,362,426,341,426,1173,426,362,1301,320,1280,746,1685,320,1258,1984,448,341,853,341,853,768,853,65536,,,,,,,
832,768,426,362,853,768,853,341,1664,362,426,362,3754,341,3754,341,1664,341,853,341,426,362,426,1173,426,362,1258,341,1258,768,1664,341,874,341,426,320,426,1600,853,21845,,,,,,,,,
832,768,426,362,874,725,853,341,1685,341,426,362,2730,1002,341,3754,362,1664,341,853,341,426,362,426,1173,448,341,1258,341,1301,746,1685,320,1280,746,448,746,426,341,426,1600,426,341,426,65536,,,,
853,768,426,362,853,768,832,362,1685,320,426,341,3776,320,3754,341,1685,320,874,341,426,341,426,1152,448,341,1258,362,1258,746,1664,341,1685,341,426,341,448,746,1301,320,2090,65536,,,,,,,
832,768,426,362,874,725,853,341,1664,362,426,362,3776,362,3754,341,1685,341,853,362,426,362,405,1173,426,341,1258,341,1258,746,1685,341,1685,2389,448,1984,426,65536,,,,,,,,,,,
874,725,469,320,853,768,853,341,1664,341,469,320,3754,320,3733,341,1685,320,853,341,426,362,426,1194,426,341,1280,341,1258,768,1664,362,853,341,426,1578,426,341,426,1578,448,65536,,,,,,,
853,746,448,362,853,768,853,341,1685,362,405,384,3712,341,3733,341,1706,298,874,320,426,362,426,1173,426,362,1258,341,1280,746,1685,320,1685,341,426,1578,853,341,1685,341,426,,,,,,,,
874,746,426,341,853,746,874,341,1685,341,426,362,3733,341,3733,362,1685,320,874,320,426,341,426,1194,426,341,1280,341,1258,746,1685,320,853,1173,426,341,853,341,426,362,448,320,426,362,426,341,426,21845,
853,746,448,362,853,768,874,320,1685,341,448,320,3754,341,2730,1024,341,1685,341,810,341,426,362,426,1152,448,320,1258,341,1258,746,1664,362,853,768,853,341,426,768,426,768,426,768,1258,131072,,,,
832,768,426,362,874,725,853,320,1685,362,426,341,3754,298,3754,341,1664,341,853,341,426,362,832,768,426,341,1280,341,1258,768,1664,341,853,341,853,768,853,362,2922,21845,,,,,,,,,
896,725,426,341,853,768,874,320,1685,341,426,341,2730,1024,320,3733,341,1685,341,832,341,448,341,853,746,426,341,1280,341,1280,746,1664,384,832,341,2090,768,853,341,853,,,,,,,,,
853,768,426,362,853,768,853,341,1685,341,469,320,3733,341,2730,1002,341,1685,341,853,341,469,362,810,746,426,341,1280,341,1237,768,1685,341,832,2005,469,725,426,1600,426,65536,,,,,,,,
853,768,426,362,853,768,853,341,1685,341,426,341,3733,362,2730,981,341,1685,341,853,341,426,384,832,768,426,362,1280,341,1280,746,1685,341,853,768,405,768,853,362,405,362,1685,341,426,131072,,,,
832,768,426,362,853,768,853,341,1664,362,426,320,3754,341,3754,341,1685,341,853,341,426,362,853,746,448,320,1258,341,1280,746,1685,341,1258,341,874,320,426,768,1258,768,1664,65536,,,,,,,
896,725,426,362,832,768,874,298,1685,341,426,362,3733,341,3733,362,1664,341,853,341,426,362,853,768,426,362,1280,341,1280,746,1685,341,853,341,426,362,426,1578,426,362,426,341,426,341,426,362,426,109226,
896,725,426,362,853,768,832,341,1664,341,448,320,3776,320,3733,341,1685,320,874,341,426,341,810,768,448,320,1258,341,1258,768,1685,320,853,746,853,341,853,341,1258,1578,853,131072,,,,,,,
874,725,448,320,853,768,853,341,1685,320,448,341,2730,1002,341,3754,362,1685,362,853,362,448,362,832,789,426,341,1280,341,1280,725,1664,341,853,1578,874,725,1280,746,853,,,,,,,,,
874,768,426,341,853,768,853,341,1664,362,426,341,3733,341,2730,1024,341,1685,320,853,362,426,341,853,768,426,362,1258,362,1280,725,1664,362,1280,341,853,1578,853,341,426,341,853,341,469,131072,,,,
874,768,426,362,853,725,853,320,1685,362,426,341,3733,341,2730,1024,341,1664,341,853,341,448,320,853,768,426,362,1280,341,1280,768,1664,320,1301,341,426,768,853,362,426,341,426,1194,1237,131072,,,,
853,725,426,362,853,768,853,320,1685,341,448,320,3733,341,3776,320,1685,341,853,341,426,362,853,746,469,320,1280,320,1258,746,1664,341,832,341,1258,341,426,768,426,362,1280,341,426,21845,,,,,
874,725,448,320,853,768,853,341,1685,341,448,362,3733,320,3733,341,1685,362,832,362,426,341,853,746,426,341,1280,341,1280,746,1664,362,1280,2816,426,341,426,362,426,341,1280,43690,,,,,,,
853,768,426,341,832,768,853,341,1664,341,426,362,3733,341,3754,362,1664,341,853,362,426,341,853,789,426,320,1280,341,1280,746,1685,320,832,341,448,320,448,725,426,341,426,320,874,746,469,43690,,,
832,768,426,362,832,768,853,362,1664,341,448,320,3733,341,3776,320,1664,362,853,341,426,362,853,746,426,362,1280,341,1280,746,1685,341,853,341,426,1173,426,789,853,1152,1280,65536,,,,,,,
874,725,426,341,853,768,853,341,1685,320,448,320,3754,341,3754,320,1685,320,853,362,426,362,853,768,426,320,1322,320,1280,746,1664,362,853,341,874,768,853,341,2922,87381,,,,,,,,,
832,768,426,362,874,725,853,341,1706,320,426,320,3797,320,2730,1002,341,1706,320,853,341,426,362,853,768,426,341,1258,341,1280,746,1685,341,2474,341,426,768,426,362,426,768,448,725,426,131072,,,,
170,65536,,,,,,,,,,,,,,,,,,,,,,,,,,,,,,,,,,,,,,,,,,,,,,,
874,746,448,341,853,768,853,341,1706,320,448,320,2730,1024,341,3754,341,1664,341,853,362,426,362,810,768,426,341,1280,341,1280,768,1664,362,1280,1173,426,1194,853,768,426,768,853,109226,,,,,,
874,746,426,362,853,768,874,320,1685,320,448,320,3754,341,3733,341,1685,341,853,320,469,341,853,746,448,320,1280,341,1237,768,1685,320,1258,362,448,298,426,362,426,362,1685,1578,426,21845,,,,,
896,725,448,320,853,768,853,341,1664,341,426,341,3733,341,3754,341,1664,341,853,362,426,341,853,746,448,320,1280,341,1280,768,1664,341,2090,341,853,768,426,768,853,362,426,43690,,,,,,,
853,746,448,341,832,768,853,341,1685,320,426,341,3776,320,3733,341,1664,341,853,341,448,341,853,746,448,320,1280,341,1280,746,1664,362,1280,746,853,1173,426,768,426,362,426,362,448,21845,,,,,
853,746,469,320,853,746,853,341,1685,320,448,341,3754,341,3754,341,1685,341,874,320,448,341,853,746,426,362,1258,362,1258,746,1664,362,1685,341,1685,362,3776,109226,,,,,,,,,,,
874,768,426,341,853,746,853,341,1706,320,426,341,3712,362,3733,341,1685,341,853,341,426,362,832,768,426,362,1258,341,1280,746,1685,341,3349,746,853,1173,853,341,426,65536,,,,,,,,,
896,725,426,341,853,746,874,341,1685,341,426,341,3754,341,3754,341,1685,341,853,341,426,362,853,768,448,320,1280,341,1280,746,1685,341,1685,2410,1280,341,426,1173,426,43690,,,,,,,,,
874,768,426,341,853,768,874,320,1664,341,426,362,3733,341,3733,341,1685,320,874,320,426,384,832,768,426,362,1280,341,1280,768,1685,320,1664,341,874,320,448,320,832,768,1237,341,448,43690,,,,,
853,746,426,341,896,704,874,341,1685,341,448,341,3733,341,3733,341,1664,362,853,362,426,384,832,746,448,320,1280,341,1258,746,1664,362,853,1173,1280,746,426,341,1280,341,426,341,426,,,,,,
832,768,426,341,853,768,853,362,1664,341,426,341,3733,341,3733,341,1685,320,874,341,426,341,853,768,426,320,1280,341,1280,746,1664,384,1685,298,448,1578,448,320,853,362,405,43690,,,,,,,
874,725,426,341,853,746,853,341,1685,341,426,341,3733,341,3733,362,1685,320,874,341,469,320,874,704,448,362,1258,320,1258,768,1685,320,874,725,426,362,426,362,426,341,1280,341,1280,87381,,,,,
874,746,426,362,832,789,810,341,1706,320,426,341,3733,341,3776,320,1664,341,853,341,426,362,832,746,426,362,1280,341,1280,746,1685,341,853,341,448,1152,426,768,853,1173,1280,43690,,,,,,,
874,746,448,341,853,746,874,320,1685,320,448,320,3754,362,3754,341,1685,320,874,320,448,320,1664,341,1301,725,1280,768,1664,362,874,1557,1280,341,1280,1173,853,65536,,,,,,,,,,,
896,725,448,341,853,768,874,298,1685,341,426,362,3733,341,3776,320,1664,341,853,341,426,362,1664,341,1280,746,1280,768,1664,341,1280,320,874,746,469,320,853,341,426,789,1237,87381,,,,,,,
853,768,426,341,896,725,853,341,1685,320,426,362,2730,1002,362,3733,341,1664,341,853,362,426,341,1664,362,1280,768,1258,725,1685,362,2496,341,426,768,448,341,1301,746,426,,,,,,,,,
853,768,448,341,853,768,853,362,1664,341,426,341,3797,320,3754,362,1664,341,874,320,426,362,1685,362,1280,725,1280,746,1685,341,1280,341,2090,362,405,2837,426,65536,,,,,,,,,,,
853,768,426,341,896,704,874,341,1685,320,448,341,2730,1002,341,3754,341,1664,362,832,362,426,362,1706,320,1322,725,1280,768,1685,362,1706,320,426,768,426,362,426,341,874,1152,426,109226,,,,,,
874,725,469,320,853,768,874,320,1685,341,426,341,3733,341,2730,1002,362,1664,384,832,341,448,341,1664,362,1301,725,1258,746,1664,362,2496,1600,426,1173,426,,,,,,,,,,,,,
853,768,426,362,810,789,832,320,1642,341,426,341,3733,341,3733,341,1664,341,853,362,426,362,1664,341,1301,725,1280,746,1664,341,853,746,853,341,853,362,2496,131072,,,,,,,,,,,
874,746,448,341,832,746,853,341,1664,362,426,362,2730,1002,341,3754,341,1664,362,853,362,426,362,1642,341,1280,768,1258,746,1664,362,853,1600,853,768,2090,341,1280,43690,,,,,,,,,,
874,746,426,362,853,725,853,341,1664,362,448,320,3733,320,3776,341,1664,341,853,341,469,320,1664,341,1280,746,1258,746,1664,362,853,341,2538,320,853,341,1280,341,448,21845,,,,,,,,,
874,725,426,362,853,768,874,320,1685,341,426,320,3776,341,3733,362,1664,341,853,341,426,384,1664,341,1237,768,1258,746,1685,341,1664,362,853,362,426,362,832,362,426,768,853,65536,,,,,,,
896,725,448,341,853,768,853,341,1664,362,426,341,3733,341,3733,362,1664,341,853,341,426,362,1685,341,1280,746,1301,725,1685,341,1280,341,1664,768,448,746,853,21845,,,,,,,,,,,
853,768,426,341,874,725,874,320,1685,341,426,362,3754,341,2730,1024,362,1664,341,874,320,426,341,1685,362,1237,768,1258,746,1685,341,853,746,2090,362,405,768,1664,109226,,,,,,,,,,
874,746,448,320,853,768,853,341,1664,362,426,362,3733,341,3733,341,1664,341,853,341,448,341,1685,341,1280,746,1301,725,1664,341,1280,362,426,1173,448,320,426,1173,1685,109226,,,,,,,,,
853,746,426,320,917,746,832,341,1664,341,426,341,3733,341,3733,341,1685,320,853,362,426,362,1664,341,1280,768,1237,768,1664,362,853,362,426,1173,448,746,853,341,853,341,426,341,426,109226,,,,,
853,768,426,362,853,768,874,320,1685,320,448,341,3776,320,3712,341,1685,362,832,341,426,341,1664,362,1280,746,1280,746,1685,341,3754,341,853,1600,1280,87381,,,,,,,,,,,,,
874,725,426,341,853,746,853,341,1664,362,448,320,3733,341,3733,341,1685,320,853,320,448,341,1664,362,1280,746,1280,746,1664,362,874,341,426,746,426,362,426,362,426,768,448,1152,448,,,,,,
832,768,426,341,853,768,853,341,1685,341,448,298,2730,1024,320,3776,341,1685,341,853,341,426,362,1685,341,1258,768,1258,746,1685,341,1706,320,853,1173,853,768,426,362,1258,,,,,,,,,
853,746,426,362,853,746,853,341,1664,341,426,362,3776,320,2730,1024,341,1664,362,853,362,448,341,1685,320,1280,746,1301,725,1642,362,1258,341,2069,341,426,2837,426,87381,,,,,,,,,,
874,725,426,362,853,768,832,341,1664,362,426,341,3754,341,3754,341,1685,320,853,341,426,341,1642,341,1258,746,1258,746,1664,341,1280,1984,426,362,426,341,426,341,1280,341,426,87381,,,,,,,
874,725,426,341,853,768,853,341,1685,341,426,341,3754,362,3733,320,1685,320,896,320,426,384,1685,298,1280,768,1258,746,1685,341,1685,1152,426,768,832,1152,469,65536,,,,,,,,,,,
874,746,426,341,853,768,874,320,1685,320,448,320,3733,362,3733,341,1664,341,853,341,426,341,1664,362,1258,768,1258,768,1664,341,853,3242,426,362,426,341,469,1152,426,109226,,,,,,,,,
853,768,426,341,853,746,853,341,1685,341,426,341,3733,362,3712,362,1685,341,853,341,426,362,1685,320,1280,746,1280,746,1685,341,1280,746,426,768,448,341,1706,725,426,131072,,,,,,,,,
853,768,448,320,874,725,853,341,1685,320,426,341,3733,341,3733,362,1685,320,853,341,448,362,1685,320,1280,746,1280,746,1685,341,2090,362,426,1173,426,362,810,362,832,341,426,87381,,,,,,,
874,725,426,362,853,746,853,341,1685,341,426,341,3733,341,3733,341,1685,341,853,341,426,362,1664,341,1280,746,1280,746,1664,362,1685,341,853,341,426,341,853,341,448,746,853,87381,,,,,,,
853,768,426,341,853,768,853,341,1685,320,448,362,3712,341,3776,320,1685,320,853,341,448,341,1706,320,1280,768,1258,746,1664,341,874,746,426,746,426,768,426,362,1280,109226,,,,,,,,,
917,704,448,362,874,725,853,341,1706,341,426,341,3754,341,3733,341,1664,362,853,320,426,341,1685,320,1301,725,1237,768,1685,320,853,341,426,768,1258,341,426,362,426,87381,,,,,,,,,
896,725,426,341,853,768,853,341,1685,320,426,341,3733,341,3733,362,1664,341,853,341,426,362,1685,341,1280,746,1258,746,1685,341,853,341,469,320,426,789,426,362,426,362,426,320,2090,87381,,,,,
896,725,426,362,853,768,853,341,1685,320,490,320,3754,341,2730,1002,341,1685,341,832,341,426,362,3733,341,1280,746,1685,341,832,1173,853,1173,1280,725,1301,131072,,,,,,,,,,,,
853,746,426,341,874,746,874,341,1685,362,426,362,2730,1002,341,3712,341,1642,362,832,341,448,341,1237,341,426,341,1301,320,1280,746,1685,341,853,341,853,746,853,320,448,1578,1301,109226,,,,,,
853,768,426,341,853,768,853,341,1728,320,426,362,3733,341,3733,341,1685,320,874,320,426,362,1237,362,426,341,1237,341,1258,746,1664,341,1280,746,1258,768,853,341,1280,341,426,43690,,,,,,,
853,746,448,362,853,725,874,320,1664,341,469,320,3733,341,3754,341,1664,341,874,320,448,341,1258,341,448,320,1280,341,1280,768,1664,341,853,746,874,1557,426,341,853,1173,426,87381,,,,,,,
853,768,426,341,874,725,853,341,1706,320,469,298,2730,1045,362,3712,341,1685,341,874,320,426,362,1237,341,448,341,1301,320,1280,746,1685,341,832,362,1280,341,853,341,853,341,853,341,1280,65536,,,,
874,725,426,341,853,746,874,341,1685,341,469,320,3733,362,2730,981,341,1685,341,853,341,426,341,1280,341,426,341,1280,341,1301,725,1706,341,1258,2048,426,362,853,768,426,362,448,21845,,,,,,
853,746,448,341,853,725,874,341,1685,320,448,362,3712,341,3733,341,1664,362,853,341,426,341,1258,341,426,320,1301,320,1258,746,1664,362,853,341,1685,1173,426,768,426,109226,,,,,,,,,
106,65536,,,,,,,,,,,,,,,,,,,,,,,,,,,,,,,,,,,,,,,,,,,,,,,
896,704,469,320,853,768,853,341,1706,298,448,341,3733,341,3733,341,1706,341,853,362,426,362,1258,362,469,341,1280,341,1280,746,1685,320,874,320,853,341,1280,341,1280,768,426,320,448,87381,,,,,
874,725,426,362,853,746,853,362,1664,341,426,341,3754,341,3754,341,1685,341,853,341,426,341,1280,341,426,341,1280,341,1280,746,1685,341,853,746,448,1173,426,362,1685,341,426,341,448,,,,,,
853,725,448,362,874,704,874,320,1685,362,426,362,3733,341,3733,362,1664,341,853,341,469,362,1237,341,448,341,1280,341,1258,768,1664,362,874,320,853,768,426,768,426,768,2538,131072,,,,,,,
832,768,426,362,853,768,874,320,1706,341,426,341,3818,298,3776,341,1685,341,853,341,426,362,1237,341,426,341,1280,341,1258,746,1685,362,2474,362,874,320,853,1194,426,362,426,87381,,,,,,,
874,746,448,341,896,725,853,341,1685,320,426,341,3776,320,2730,1024,320,1685,320,896,298,448,362,1258,362,405,384,1280,320,1280,746,1664,362,1280,341,1664,768,2517,768,426,65536,,,,,,,,
853,746,469,320,853,768,853,320,1685,320,448,341,2730,1045,320,3712,362,1685,341,832,341,426,362,1280,320,448,341,1301,320,1280,746,1685,341,853,341,448,320,853,1173,426,362,853,1173,874,65536,,,,
832,746,448,320,853,768,853,341,1685,341,426,341,3733,341,3754,341,1685,341,874,320,426,362,1280,341,426,362,1258,341,1280,746,1685,320,1280,341,853,362,853,341,426,1600,853,131072,,,,,,,
832,746,426,341,853,768,853,341,1685,341,469,298,3797,320,3754,341,1664,341,832,341,426,341,1258,341,426,341,1258,341,1280,746,1685,341,853,2410,426,362,853,341,448,362,448,768,448,,,,,,
874,746,426,341,853,746,874,320,1664,362,426,362,3733,341,2730,1024,341,1664,362,853,362,426,362,1237,341,469,341,1280,341,1237,746,1664,341,1280,341,1258,1173,853,746,853,341,853,21845,,,,,,
853,725,448,320,874,746,853,341,1664,341,426,362,3754,320,3754,341,1685,320,853,362,448,298,1301,320,448,320,1280,341,1280,746,1706,320,874,320,426,362,1685,341,426,768,853,65536,,,,,,,
896,725,448,341,853,725,853,341,1685,362,426,341,2730,1024,341,3776,320,1664,362,853,341,426,341,1258,341,426,341,1280,341,1280,746,1664,362,853,341,448,746,426,341,426,341,1664,341,448,362,853,21845,,
896,704,448,341,853,768,853,341,1664,341,426,362,3733,341,2730,1024,341,1664,362,853,362,426,362,1258,341,469,298,1280,341,1280,725,1685,362,1280,1173,426,1173,426,341,874,1557,426,21845,,,,,,
853,768,426,341,853,768,853,341,1728,320,426,341,3754,341,3733,341,1685,320,853,362,426,362,1237,341,426,362,1280,341,1280,746,1664,362,1280,746,426,362,832,362,426,341,426,768,1685,,,,,,
874,746,448,362,853,768,853,341,1685,341,448,362,3754,320,3733,341,1685,320,853,362,426,384,1216,362,426,341,1280,341,1280,746,1664,341,874,320,853,1173,426,362,426,341,853,341,853,109226,,,,,
874,725,426,362,853,768,853,362,1664,320,448,341,2730,1024,341,3797,362,1685,341,874,341,426,362,1237,362,426,341,1280,362,1237,768,1685,341,1664,1173,426,789,426,341,448,1984,426,109226,,,,,,
874,725,426,320,874,746,874,320,1685,320,426,362,3733,341,3733,341,1664,362,853,341,448,341,1258,341,426,362,1280,341,1301,725,1664,341,2090,768,853,341,426,768,874,725,874,87381,,,,,,,
896,746,405,362,853,768,874,320,1664,341,426,341,3754,341,3754,341,1664,341,874,320,426,362,1280,341,426,341,1301,320,1258,746,1685,341,853,1600,832,768,426,768,2090,87381,,,,,,,,,
853,725,448,341,853,746,853,320,1706,362,426,341,2730,1002,341,3733,341,1685,320,853,320,448,341,1280,362,448,320,1258,341,1280,746,1664,341,853,341,448,746,426,1194,1280,320,853,341,426,65536,,,,
853,768,405,362,853,768,853,341,1706,320,448,320,3733,341,3733,341,1664,362,853,341,426,362,1237,362,426,362,1280,341,1301,746,1664,341,853,768,426,341,1280,341,426,362,426,746,853,43690,,,,,
896,704,448,362,832,768,853,341,1664,341,426,362,3733,341,3754,362,1664,341,853,341,469,320,1280,341,426,362,1280,341,1280,746,1706,320,1280,1173,426,362,426,362,405,341,448,341,426,21845,,,,,
874,746,448,341,874,725,853,341,1664,341,448,320,3754,320,3754,362,1664,320,874,341,426,362,1280,341,426,362,1280,320,1280,746,1664,362,1237,362,426,341,426,1194,405,768,448,1152,426,109226,,,,,
874,746,426,341,874,746,853,320,1728,298,448,341,3754,341,3776,320,1685,320,874,320,426,341,1258,341,426,341,1280,341,1237,746,1685,362,2090,341,1280,341,2090,341,1280,21845,,,,,,,,,
832,768,426,362,853,768,853,341,1685,341,469,320,3754,341,3754,362,1664,341,874,320,426,384,1237,341,426,362,1280,341,1280,746,1685,341,2517,768,426,362,1664,341,426,131072,,,,,,,,,
874,725,448,320,853,768,853,341,1664,362,426,341,3733,341,3733,362,1664,341,853,341,426,384,1237,362,426,341,1237,362,1280,746,1685,341,853,746,853,320,448,768,426,43690,,,,,,,,,
853,746,448,320,874,725,874,320,1685,341,426,341,3754,341,3776,320,1664,341,853,362,426,341,1685,320,1280,768,1258,746,1664,362,1280,746,448,1557,1280,341,426,341,426,341,426,131072,,,,,,,
896,725,426,341,853,768,853,341,1685,341,426,362,3733,341,3754,341,1664,362,853,341,426,362,1664,362,1280,746,1280,746,1664,362,2090,341,426,341,426,341,426,341,426,362,1280,,,,,,,,
853,746,448,341,874,725,853,320,1685,341,426,341,3754,341,3733,341,1664,362,874,320,448,341,1664,341,1301,725,1301,725,1664,362,2517,341,426,768,426,341,1280,746,426,43690,,,,,,,,,
874,725,448,341,896,725,853,341,1685,341,448,341,3733,341,3733,362,1685,320,853,341,426,341,1664,362,1280,768,1237,768,1685,341,1685,746,1280,341,426,362,2090,341,469,21845,,,,,,,,,
874,746,448,341,853,746,853,341,1685,341,426,341,3754,320,2730,1024,341,1685,320,853,362,426,384,1642,341,1280,768,1280,725,1685,362,832,1600,426,362,426,362,874,341,426,746,426,21845,,,,,,
896,725,426,341,853,725,874,341,1685,341,448,341,3733,362,3712,341,1685,341,853,341,426,362,1685,320,1301,725,1280,746,1685,341,1664,1173,426,768,853,1173,426,131072,,,,,,,,,,,
